6.153846153846153841e-03
2.764867546922247440e-02
4.852524262327222865e-02
6.878354761599540790e-02
8.842359044739202256e-02
1.074453711174620935e-01
1.258488896262055790e-01
1.436341459736224790e-01
1.608011401597128354e-01
1.773498721844766202e-01
1.932803420479138612e-01
2.085925497500244752e-01
2.232864952908085732e-01
2.373621786702660996e-01
2.508195998883970268e-01
2.636587589452014657e-01
2.758796558406792498e-01
2.875039694449262329e-01
2.988619818569823727e-01
3.100654287287067934e-01
3.211143100600996614e-01
3.320086258511609212e-01
3.427483761018904618e-01
3.533335608122883942e-01
3.637641799823546074e-01
3.740402336120892679e-01
3.841617217014923202e-01
3.941286442505636534e-01
4.039410012593033228e-01
4.135987927277114395e-01
4.231020186557878371e-01
4.324506790435326820e-01
4.416447738909458076e-01
4.506843031980272696e-01
4.595940428163151625e-01
4.684717071478663453e-01
4.773272906879416633e-01
4.861607934365408945e-01
4.949722153936643720e-01
5.037615565593116518e-01
5.125288169334831778e-01
5.212739965161786726e-01
5.299970953073982471e-01
5.386981133071417904e-01
5.473770505154095245e-01
5.560339069322012273e-01
5.646686825575170099e-01
5.732813773913567612e-01
5.818719914337207033e-01
5.904405246846087252e-01
5.989869771440204937e-01
6.075113488119566751e-01
6.160136396884167143e-01
6.244938497734008331e-01
6.329519790669090318e-01
6.413880275689411992e-01
6.498019952794975573e-01
6.581938821985777732e-01
6.665636883261822909e-01
6.749114136623106663e-01
6.832370582069632325e-01
6.915406219601396565e-01
6.998221049218403822e-01
7.080815070920649656e-01
7.163188284708136289e-01
7.245340690580863718e-01
7.327272288538830836e-01
7.408983078582039861e-01
7.490473060710488573e-01
7.571742234924178083e-01
7.652790601223108391e-01
7.733618159607279496e-01
7.814224910076690289e-01
7.894610852631341880e-01
7.974775987271232047e-01
8.054720313996365233e-01
8.134443832806739216e-01
8.213946543702352887e-01
8.293228446683207356e-01
8.372289541749301511e-01
8.451129828900635355e-01
8.529749308137209995e-01
8.608147979459027654e-01
8.686325842866083891e-01
8.764282898358380924e-01
8.842019145935918756e-01
8.919534585598697385e-01
8.996829217346715701e-01
9.073903041179975926e-01
9.150756057098475837e-01
9.227388265102215437e-01
9.303799665191196944e-01
9.379990257365417028e-01
9.455960041624877910e-01
9.531709017969580700e-01
9.607237186399523177e-01
9.682544546914706451e-01
9.757631099515132744e-01
9.832496844200795394e-01
9.907141780971702172e-01
9.981565909827843086e-01
1.005576923076923146e+00
