6.153846153846153841e-03
3.256977219427959619e-02
5.836743607338647222e-02
8.354683779116676978e-02
1.081079773476205236e-01
1.320508547427476920e-01
1.553754699765482750e-01
1.780818230490223419e-01
2.001699139601698096e-01
2.216397427099907058e-01
2.424913092984850305e-01
2.627246137256528113e-01
2.823396559914940207e-01
3.013364360960086863e-01
3.197149540391967526e-01
3.374752098210582751e-01
3.546172034415932539e-01
3.711626137708972650e-01
3.874417229080105440e-01
4.035662665047922149e-01
4.195362445612421110e-01
4.353516570773603989e-01
4.510125040531471341e-01
4.665187854886023167e-01
4.818705013837256135e-01
4.970676517385173021e-01
5.121102365529773826e-01
5.269982558271059103e-01
5.417317095609027744e-01
5.563105977543679748e-01
5.707349204075015114e-01
5.850046775203034954e-01
5.991198690927738157e-01
6.130804951249123613e-01
6.268700383823606614e-01
6.404233559304139956e-01
6.537337847722320960e-01
6.668013249078144078e-01
6.796259763371615970e-01
6.922077390602731084e-01
7.045466130771492752e-01
7.166425983877900974e-01
7.284956949921953528e-01
7.401059028903652637e-01
7.514732220822997188e-01
7.625976525679986073e-01
7.734791943474622622e-01
7.841178474206902393e-01
7.945136117876829829e-01
8.046664874484401597e-01
8.145764744029618809e-01
8.242435726512485905e-01
8.336677821932992893e-01
8.428491030291147545e-01
8.517875351586948751e-01
8.604830785820394290e-01
8.689357332991487493e-01
8.771454993100223918e-01
8.851123766146608007e-01
8.928363652130636430e-01
9.003174651052310296e-01
9.075556762911631825e-01
9.145509987708597688e-01
9.213034325443207884e-01
9.278129776115464633e-01
9.340796339725366826e-01
9.401034016272915572e-01
9.458842805758110872e-01
9.514222708180946064e-01
9.567173723541432251e-01
9.617695851839562771e-01
9.665789093075339844e-01
9.711453447248763471e-01
9.754688914359831431e-01
9.795495494408540393e-01
9.833873187394902571e-01
9.869821993318909081e-01
9.903341912180555484e-01
9.934432943979850661e-01
9.963095088716795722e-01
9.989328346391378455e-01
1.001313271700361218e+00
1.003450820055349135e+00
1.005345479704101708e+00
1.006997250646618491e+00
1.008406132882899930e+00
1.009572126412946025e+00
1.010495231236756553e+00
1.011175447354331958e+00
1.011612774765671796e+00
1.011807213470775846e+00
1.011758763469644773e+00
1.011467424762278577e+00
1.010933197348676149e+00
1.010156081228838820e+00
1.009136076402765925e+00
1.007873182870457907e+00
1.006367400631914100e+00
1.004618729687134948e+00
1.002627170036120452e+00
1.000392721678869945e+00
9.979153846153847596e-01
