              0   8.17036e-304              0
          0.001    0.001190134    0.008950212
          0.002    0.001636197     0.01780142
          0.003    0.002017572      0.0265546
          0.004    0.002351406     0.03521074
          0.005    0.002647972      0.0437708
          0.006    0.002914112     0.05223574
          0.007    0.003154704      0.0606065
          0.008    0.003373398     0.06888402
          0.009    0.003573029     0.07706922
           0.01    0.003755858     0.08516304
          0.011    0.003923731     0.09316636
          0.012    0.004078182      0.1010801
          0.013    0.004220504      0.1089052
          0.014    0.004351802      0.1166424
          0.015    0.004473031      0.1242927
          0.016    0.004585022      0.1318569
          0.017    0.004688507       0.139336
          0.018    0.004784133      0.1467306
          0.019    0.004872476      0.1540417
           0.02    0.004954054      0.1612702
          0.021     0.00502933      0.1684167
          0.022    0.005098726      0.1754822
          0.023    0.005162623      0.1824674
          0.024    0.005221371      0.1893732
          0.025    0.005275288      0.1962004
          0.026    0.005324667      0.2029496
          0.027    0.005369776      0.2096217
          0.028    0.005410864      0.2162175
          0.029    0.005448161      0.2227377
           0.03    0.005481881      0.2291831
          0.031    0.005512222      0.2355545
          0.032    0.005539367      0.2418524
          0.033     0.00556349      0.2480778
          0.034     0.00558475      0.2542312
          0.035    0.005603299      0.2603135
          0.036    0.005619278      0.2663253
          0.037    0.005632818      0.2722673
          0.038    0.005644045      0.2781403
          0.039    0.005653076      0.2839449
           0.04    0.005660021      0.2896818
          0.041    0.005664984      0.2953516
          0.042    0.005668063      0.3009551
          0.043    0.005669352      0.3064929
          0.044    0.005668939      0.3119656
          0.045    0.005666906      0.3173739
          0.046    0.005663334      0.3227184
          0.047    0.005658296      0.3279999
          0.048    0.005651863      0.3332188
          0.049    0.005644104      0.3383758
           0.05    0.005635083      0.3434716
          0.051     0.00562486      0.3485067
          0.052    0.005613495      0.3534818
          0.053    0.005601041      0.3583974
          0.054    0.005587552      0.3632542
          0.055    0.005573079      0.3680527
          0.056    0.005557669      0.3727935
          0.057    0.005541368      0.3774771
          0.058    0.005524221      0.3821043
          0.059    0.005506268      0.3866754
           0.06    0.005487549      0.3911911
          0.061    0.005468104      0.3956519
          0.062    0.005447968      0.4000584
          0.063    0.005427177      0.4044111
          0.064    0.005405763      0.4087105
          0.065     0.00538376      0.4129572
          0.066    0.005361197      0.4171517
          0.067    0.005338105      0.4212945
          0.068     0.00531451      0.4253861
          0.069    0.005290441      0.4294271
           0.07    0.005265923      0.4334179
          0.071    0.005240981       0.437359
          0.072     0.00521564       0.441251
          0.073    0.005189921      0.4450943
          0.074    0.005163846      0.4488894
          0.075    0.005137438      0.4526369
          0.076    0.005110715       0.456337
          0.077    0.005083699      0.4599904
          0.078    0.005056406      0.4635975
          0.079    0.005028855      0.4671588
           0.08    0.005001064      0.4706747
          0.081    0.004973048      0.4741456
          0.082    0.004944824      0.4775721
          0.083    0.004916408      0.4809545
          0.084    0.004887812      0.4842933
          0.085    0.004859053      0.4875889
          0.086    0.004830143      0.4908418
          0.087    0.004801096      0.4940524
          0.088    0.004771923      0.4972211
          0.089    0.004742637      0.5003483
           0.09     0.00471325      0.5034344
          0.091    0.004683773      0.5064799
          0.092    0.004654216      0.5094851
          0.093     0.00462459      0.5124505
          0.094    0.004594905      0.5153764
          0.095    0.004565169      0.5182633
          0.096    0.004535393      0.5211115
          0.097    0.004505585      0.5239214
          0.098    0.004475753      0.5266934
          0.099    0.004445907      0.5294278
            0.1    0.004416052      0.5321251
          0.101    0.004386198      0.5347856
          0.102     0.00435635      0.5374097
          0.103    0.004326517      0.5399977
          0.104    0.004296705        0.54255
          0.105     0.00426692       0.545067
          0.106    0.004237168       0.547549
          0.107    0.004207455      0.5499963
          0.108    0.004177788      0.5524094
          0.109     0.00414817      0.5547885
           0.11    0.004118608      0.5571339
          0.111    0.004089107      0.5594461
          0.112    0.004059671      0.5617253
          0.113    0.004030305      0.5639719
          0.114    0.004001014      0.5661862
          0.115    0.003971801      0.5683685
          0.116    0.003942671      0.5705191
          0.117    0.003913627      0.5726384
          0.118    0.003884674      0.5747266
          0.119    0.003855814      0.5767841
           0.12    0.003827052      0.5788112
          0.121    0.003798391      0.5808082
          0.122    0.003769833      0.5827754
          0.123    0.003741381       0.584713
          0.124     0.00371304      0.5866214
          0.125     0.00368481      0.5885009
          0.126    0.003656695      0.5903517
          0.127    0.003628698      0.5921741
          0.128     0.00360082      0.5939685
          0.129    0.003573064      0.5957351
           0.13    0.003545433      0.5974741
          0.131    0.003517927      0.5991859
          0.132    0.003490549      0.6008707
          0.133    0.003463301      0.6025288
          0.134    0.003436185      0.6041604
          0.135    0.003409202      0.6057659
          0.136    0.003382353      0.6073454
          0.137    0.003355641      0.6088993
          0.138    0.003329066      0.6104277
          0.139    0.003302631       0.611931
           0.14    0.003276335      0.6134094
          0.141    0.003250181      0.6148631
          0.142    0.003224169      0.6162924
          0.143    0.003198301      0.6176976
          0.144    0.003172577      0.6190788
          0.145    0.003146998      0.6204363
          0.146    0.003121566      0.6217704
          0.147     0.00309628      0.6230812
          0.148    0.003071141       0.624369
          0.149    0.003046151      0.6256341
           0.15    0.003021309      0.6268766
          0.151    0.002996617      0.6280969
          0.152    0.002972074       0.629295
          0.153    0.002947682      0.6304713
          0.154     0.00292344      0.6316259
          0.155    0.002899349      0.6327591
          0.156    0.002875409       0.633871
          0.157     0.00285162      0.6349619
          0.158    0.002827983      0.6360321
          0.159    0.002804498      0.6370816
           0.16    0.002781165      0.6381107
          0.161    0.002757984      0.6391197
          0.162    0.002734955      0.6401087
          0.163    0.002712077      0.6410778
          0.164    0.002689352      0.6420274
          0.165    0.002666779      0.6429576
          0.166    0.002644358      0.6438686
          0.167    0.002622089      0.6447605
          0.168    0.002599971      0.6456337
          0.169    0.002578005      0.6464881
           0.17     0.00255619      0.6473242
          0.171    0.002534526       0.648142
          0.172    0.002513013      0.6489417
          0.173     0.00249165      0.6497234
          0.174    0.002470438      0.6504875
          0.175    0.002449375       0.651234
          0.176    0.002428463      0.6519631
          0.177    0.002407699       0.652675
          0.178    0.002387084      0.6533699
          0.179    0.002366618       0.654048
           0.18      0.0023463      0.6547093
          0.181    0.002326129      0.6553541
          0.182    0.002306105      0.6559825
          0.183    0.002286229      0.6565947
          0.184    0.002266498      0.6571909
          0.185    0.002246913      0.6577712
          0.186    0.002227473      0.6583358
          0.187    0.002208178      0.6588848
          0.188    0.002189026      0.6594184
          0.189    0.002170019      0.6599368
           0.19    0.002151154        0.66044
          0.191    0.002132432      0.6609283
          0.192    0.002113851      0.6614018
          0.193    0.002095412      0.6618606
          0.194    0.002077113      0.6623049
          0.195    0.002058954      0.6627348
          0.196    0.002040934      0.6631505
          0.197    0.002023053      0.6635521
          0.198     0.00200531      0.6639398
          0.199    0.001987705      0.6643136
            0.2    0.001970236      0.6646738
          0.201    0.001952903      0.6650205
          0.202    0.001935705      0.6653537
          0.203    0.001918642      0.6656737
          0.204    0.001901713      0.6659806
          0.205    0.001884918      0.6662744
          0.206    0.001868255      0.6665554
          0.207    0.001851723      0.6668236
          0.208    0.001835323      0.6670792
          0.209    0.001819053      0.6673224
           0.21    0.001802913      0.6675531
          0.211    0.001786902      0.6677716
          0.212    0.001771019       0.667978
          0.213    0.001755264      0.6681724
          0.214    0.001739635      0.6683549
          0.215    0.001724133      0.6685256
          0.216    0.001708755      0.6686847
          0.217    0.001693502      0.6688322
          0.218    0.001678373      0.6689684
          0.219    0.001663367      0.6690932
           0.22    0.001648484      0.6692068
          0.221    0.001633722      0.6693094
          0.222     0.00161908       0.669401
          0.223    0.001604559      0.6694817
          0.224    0.001590157      0.6695517
          0.225    0.001575873       0.669611
          0.226    0.001561708      0.6696598
          0.227    0.001547659      0.6696981
          0.228    0.001533726      0.6697261
          0.229    0.001519909      0.6697439
           0.23    0.001506207      0.6697516
          0.231    0.001492619      0.6697492
          0.232    0.001479144      0.6697369
          0.233    0.001465781      0.6697148
          0.234     0.00145253       0.669683
          0.235     0.00143939      0.6696415
          0.236     0.00142636      0.6695905
          0.237     0.00141344        0.66953
          0.238    0.001400628      0.6694602
          0.239    0.001387925      0.6693812
           0.24    0.001375328      0.6692929
          0.241    0.001362838      0.6691956
          0.242    0.001350454      0.6690894
          0.243    0.001338175      0.6689742
          0.244       0.001326      0.6688502
          0.245    0.001313928      0.6687175
          0.246    0.001301959      0.6685762
          0.247    0.001290092      0.6684264
          0.248    0.001278327       0.668268
          0.249    0.001266662      0.6681013
           0.25    0.001255097      0.6679264
          0.251    0.001243631      0.6677432
          0.252    0.001232263      0.6675518
          0.253    0.001220993      0.6673525
          0.254     0.00120982      0.6671451
          0.255    0.001198743      0.6669299
          0.256    0.001187761      0.6667069
          0.257    0.001176875      0.6664761
          0.258    0.001166082      0.6662377
          0.259    0.001155383      0.6659917
           0.26    0.001144777      0.6657382
          0.261    0.001134262      0.6654773
          0.262    0.001123839       0.665209
          0.263    0.001113506      0.6649335
          0.264    0.001103264      0.6646507
          0.265     0.00109311      0.6643608
          0.266    0.001083045      0.6640639
          0.267    0.001073068      0.6637599
          0.268    0.001063178       0.663449
          0.269    0.001053374      0.6631313
           0.27    0.001043657      0.6628067
          0.271    0.001034024      0.6624755
          0.272    0.001024476      0.6621376
          0.273    0.001015012      0.6617931
          0.274    0.001005631      0.6614421
          0.275    0.000996333      0.6610846
          0.276   0.0009871164      0.6607208
          0.277   0.0009779812      0.6603506
          0.278   0.0009689265      0.6599741
          0.279   0.0009599517      0.6595915
           0.28   0.0009510563      0.6592026
          0.281   0.0009422396      0.6588078
          0.282   0.0009335009      0.6584069
          0.283   0.0009248397          0.658
          0.284   0.0009162553      0.6575872
          0.285   0.0009077471      0.6571686
          0.286   0.0008993144      0.6567442
          0.287   0.0008909568      0.6563141
          0.288   0.0008826735      0.6558783
          0.289    0.000874464      0.6554369
           0.29   0.0008663276      0.6549899
          0.291   0.0008582639      0.6545375
          0.292   0.0008502721      0.6540796
          0.293   0.0008423517      0.6536163
          0.294   0.0008345021      0.6531476
          0.295   0.0008267227      0.6526737
          0.296    0.000819013      0.6521945
          0.297   0.0008113724      0.6517102
          0.298   0.0008038003      0.6512207
          0.299   0.0007962961      0.6507261
            0.3   0.0007888594      0.6502266
          0.301   0.0007814894       0.649722
          0.302   0.0007741857      0.6492125
          0.303   0.0007669478      0.6486981
          0.304    0.000759775      0.6481789
          0.305   0.0007526669      0.6476549
          0.306   0.0007456228      0.6471262
          0.307   0.0007386423      0.6465928
          0.308   0.0007317248      0.6460547
          0.309   0.0007248699      0.6455121
           0.31   0.0007180768      0.6449649
          0.311   0.0007113453      0.6444132
          0.312   0.0007046747       0.643857
          0.313   0.0006980645      0.6432964
          0.314   0.0006915142      0.6427315
          0.315   0.0006850233      0.6421622
          0.316   0.0006785913      0.6415886
          0.317   0.0006722177      0.6410108
          0.318    0.000665902      0.6404288
          0.319   0.0006596437      0.6398426
           0.32   0.0006534423      0.6392523
          0.321   0.0006472974       0.638658
          0.322   0.0006412084      0.6380596
          0.323   0.0006351749      0.6374572
          0.324   0.0006291964      0.6368508
          0.325   0.0006232724      0.6362405
          0.326   0.0006174025      0.6356264
          0.327   0.0006115861      0.6350084
          0.328    0.000605823      0.6343866
          0.329   0.0006001125      0.6337611
           0.33   0.0005944542      0.6331318
          0.331   0.0005888477      0.6324989
          0.332   0.0005832925      0.6318622
          0.333   0.0005777882       0.631222
          0.334   0.0005723343      0.6305782
          0.335   0.0005669304      0.6299309
          0.336   0.0005615761        0.62928
          0.337    0.000556271      0.6286257
          0.338   0.0005510146      0.6279679
          0.339   0.0005458064      0.6273067
           0.34   0.0005406461      0.6266422
          0.341   0.0005355333      0.6259743
          0.342   0.0005304675      0.6253031
          0.343   0.0005254483      0.6246286
          0.344   0.0005204753      0.6239509
          0.345   0.0005155482        0.62327
          0.346   0.0005106664      0.6225859
          0.347   0.0005058297      0.6218987
          0.348   0.0005010376      0.6212084
          0.349   0.0004962897       0.620515
           0.35   0.0004915857      0.6198185
          0.351    0.000486925       0.619119
          0.352   0.0004823075      0.6184165
          0.353   0.0004777326      0.6177111
          0.354   0.0004732001      0.6170027
          0.355   0.0004687095      0.6162915
          0.356   0.0004642604      0.6155773
          0.357   0.0004598526      0.6148604
          0.358   0.0004554856      0.6141406
          0.359    0.000451159       0.613418
           0.36   0.0004468726      0.6126926
          0.361   0.0004426259      0.6119645
          0.362   0.0004384186      0.6112338
          0.363   0.0004342504      0.6105003
          0.364   0.0004301208      0.6097642
          0.365   0.0004260297      0.6090254
          0.366   0.0004219765      0.6082841
          0.367    0.000417961      0.6075402
          0.368   0.0004139829      0.6067937
          0.369   0.0004100417      0.6060448
           0.37   0.0004061373      0.6052933
          0.371   0.0004022692      0.6045393
          0.372   0.0003984371      0.6037829
          0.373   0.0003946407      0.6030241
          0.374   0.0003908797      0.6022629
          0.375   0.0003871537      0.6014993
          0.376   0.0003834625      0.6007333
          0.377   0.0003798058      0.5999651
          0.378   0.0003761831      0.5991945
          0.379   0.0003725943      0.5984216
           0.38    0.000369039      0.5976465
          0.381   0.0003655169      0.5968691
          0.382   0.0003620277      0.5960895
          0.383   0.0003585711      0.5953078
          0.384   0.0003551469      0.5945238
          0.385   0.0003517546      0.5937377
          0.386   0.0003483942      0.5929495
          0.387   0.0003450651      0.5921592
          0.388   0.0003417673      0.5913668
          0.389   0.0003385003      0.5905723
           0.39   0.0003352639      0.5897758
          0.391   0.0003320579      0.5889773
          0.392   0.0003288819      0.5881767
          0.393   0.0003257357      0.5873742
          0.394    0.000322619      0.5865697
          0.395   0.0003195315      0.5857632
          0.396    0.000316473      0.5849549
          0.397   0.0003134433      0.5841446
          0.398   0.0003104419      0.5833324
          0.399   0.0003074688      0.5825184
            0.4   0.0003045236      0.5817025
          0.401   0.0003016061      0.5808848
          0.402    0.000298716      0.5800653
          0.403   0.0002958531       0.579244
          0.404   0.0002930171      0.5784209
          0.405   0.0002902078       0.577596
          0.406    0.000287425      0.5767694
          0.407   0.0002846683      0.5759411
          0.408   0.0002819376      0.5751111
          0.409   0.0002792327      0.5742793
           0.41   0.0002765532      0.5734459
          0.411   0.0002738989      0.5726109
          0.412   0.0002712697      0.5717742
          0.413   0.0002686653      0.5709359
          0.414   0.0002660854      0.5700959
          0.415   0.0002635299      0.5692544
          0.416   0.0002609985      0.5684113
          0.417    0.000258491      0.5675667
          0.418   0.0002560071      0.5667205
          0.419   0.0002535467      0.5658727
           0.42   0.0002511096      0.5650235
          0.421   0.0002486954      0.5641727
          0.422   0.0002463041      0.5633205
          0.423   0.0002439354      0.5624668
          0.424   0.0002415891      0.5616117
          0.425    0.000239265      0.5607551
          0.426   0.0002369628       0.559897
          0.427   0.0002346825      0.5590376
          0.428   0.0002324237      0.5581768
          0.429   0.0002301863      0.5573146
           0.43     0.00022797       0.556451
          0.431   0.0002257748       0.555586
          0.432   0.0002236004      0.5547197
          0.433   0.0002214465      0.5538521
          0.434   0.0002193131      0.5529832
          0.435   0.0002171999      0.5521129
          0.436   0.0002151067      0.5512414
          0.437   0.0002130334      0.5503686
          0.438   0.0002109797      0.5494945
          0.439   0.0002089455      0.5486192
           0.44   0.0002069306      0.5477426
          0.441   0.0002049349      0.5468648
          0.442    0.000202958      0.5459858
          0.443       0.000201      0.5451056
          0.444   0.0001990605      0.5442242
          0.445   0.0001971395      0.5433416
          0.446   0.0001952367      0.5424579
          0.447    0.000193352       0.541573
          0.448   0.0001914852      0.5406869
          0.449   0.0001896361      0.5397997
           0.45   0.0001878047      0.5389114
          0.451   0.0001859906       0.538022
          0.452   0.0001841938      0.5371315
          0.453   0.0001824141      0.5362399
          0.454   0.0001806513      0.5353472
          0.455   0.0001789053      0.5344535
          0.456   0.0001771759      0.5335586
          0.457    0.000175463      0.5326628
          0.458   0.0001737664      0.5317659
          0.459   0.0001720859       0.530868
           0.46   0.0001704215       0.529969
          0.461   0.0001687729      0.5290691
          0.462     0.00016714      0.5281682
          0.463   0.0001655227      0.5272663
          0.464   0.0001639208      0.5263634
          0.465   0.0001623342      0.5254595
          0.466   0.0001607627      0.5245547
          0.467   0.0001592062      0.5236489
          0.468   0.0001576645      0.5227422
          0.469   0.0001561375      0.5218346
           0.47   0.0001546251      0.5209261
          0.471   0.0001531272      0.5200166
          0.472   0.0001516435      0.5191063
          0.473    0.000150174       0.518195
          0.474   0.0001487186      0.5172829
          0.475    0.000147277      0.5163699
          0.476   0.0001458492       0.515456
          0.477   0.0001444351      0.5145413
          0.478   0.0001430344      0.5136257
          0.479   0.0001416472      0.5127093
           0.48   0.0001402732       0.511792
          0.481   0.0001389123       0.510874
          0.482   0.0001375645      0.5099551
          0.483   0.0001362295      0.5090354
          0.484   0.0001349073      0.5081149
          0.485   0.0001335977      0.5071936
          0.486   0.0001323007      0.5062716
          0.487   0.0001310161      0.5053487
          0.488   0.0001297438      0.5044251
          0.489   0.0001284836      0.5035008
           0.49   0.0001272356      0.5025757
          0.491   0.0001259994      0.5016498
          0.492   0.0001247751      0.5007232
          0.493   0.0001235626      0.4997959
          0.494   0.0001223616      0.4988678
          0.495   0.0001211721      0.4979391
          0.496   0.0001199941      0.4970096
          0.497   0.0001188273      0.4960794
          0.498   0.0001176717      0.4951485
          0.499   0.0001165272       0.494217
            0.5   0.0001153937      0.4932848
          0.501    0.000114271      0.4923518
          0.502   0.0001131591      0.4914183
          0.503   0.0001120578       0.490484
          0.504   0.0001109671      0.4895491
          0.505   0.0001098869      0.4886136
          0.506   0.0001088171      0.4876774
          0.507   0.0001077575      0.4867406
          0.508    0.000106708      0.4858032
          0.509   0.0001056687      0.4848651
           0.51   0.0001046393      0.4839264
          0.511   0.0001036198      0.4829871
          0.512   0.0001026101      0.4820472
          0.513   0.0001016101      0.4811067
          0.514   0.0001006197      0.4801656
          0.515  9.963876e-005       0.479224
          0.516  9.866729e-005      0.4782817
          0.517  9.770514e-005      0.4773389
          0.518  9.675224e-005      0.4763955
          0.519   9.58085e-005      0.4754516
           0.52  9.487383e-005       0.474507
          0.521  9.394814e-005       0.473562
          0.522  9.303135e-005      0.4726164
          0.523  9.212338e-005      0.4716702
          0.524  9.122413e-005      0.4707235
          0.525  9.033353e-005      0.4697763
          0.526   8.94515e-005      0.4688286
          0.527  8.857795e-005      0.4678803
          0.528   8.77128e-005      0.4669315
          0.529  8.685598e-005      0.4659823
           0.53   8.60074e-005      0.4650325
          0.531  8.516699e-005      0.4640822
          0.532  8.433466e-005      0.4631314
          0.533  8.351035e-005      0.4621801
          0.534  8.269397e-005      0.4612284
          0.535  8.188545e-005      0.4602761
          0.536  8.108471e-005      0.4593234
          0.537  8.029169e-005      0.4583702
          0.538   7.95063e-005      0.4574166
          0.539  7.872847e-005      0.4564625
           0.54  7.795814e-005      0.4555079
          0.541  7.719523e-005      0.4545529
          0.542  7.643967e-005      0.4535975
          0.543  7.569138e-005      0.4526416
          0.544  7.495031e-005      0.4516852
          0.545  7.421638e-005      0.4507284
          0.546  7.348953e-005      0.4497712
          0.547  7.276967e-005      0.4488136
          0.548  7.205676e-005      0.4478555
          0.549  7.135073e-005      0.4468971
           0.55  7.065149e-005      0.4459382
          0.551  6.995901e-005      0.4449789
          0.552   6.92732e-005      0.4440192
          0.553    6.8594e-005      0.4430591
          0.554  6.792136e-005      0.4420986
          0.555   6.72552e-005      0.4411377
          0.556  6.659547e-005      0.4401765
          0.557  6.594211e-005      0.4392148
          0.558  6.529505e-005      0.4382528
          0.559  6.465423e-005      0.4372904
           0.56   6.40196e-005      0.4363276
          0.561  6.339109e-005      0.4353644
          0.562  6.276865e-005      0.4344009
          0.563  6.215222e-005       0.433437
          0.564  6.154174e-005      0.4324727
          0.565  6.093715e-005      0.4315081
          0.566  6.033841e-005      0.4305432
          0.567  5.974544e-005      0.4295779
          0.568   5.91582e-005      0.4286122
          0.569  5.857663e-005      0.4276462
           0.57  5.800068e-005      0.4266799
          0.571   5.74303e-005      0.4257133
          0.572  5.686542e-005      0.4247463
          0.573    5.6306e-005      0.4237789
          0.574  5.575199e-005      0.4228113
          0.575  5.520333e-005      0.4218433
          0.576  5.465997e-005       0.420875
          0.577  5.412186e-005      0.4199064
          0.578  5.358896e-005      0.4189375
          0.579   5.30612e-005      0.4179683
           0.58  5.253855e-005      0.4169988
          0.581  5.202095e-005      0.4160289
          0.582  5.150836e-005      0.4150588
          0.583  5.100072e-005      0.4140884
          0.584  5.049799e-005      0.4131177
          0.585  5.000012e-005      0.4121467
          0.586  4.950707e-005      0.4111754
          0.587  4.901878e-005      0.4102038
          0.588  4.853522e-005      0.4092319
          0.589  4.805634e-005      0.4082598
           0.59  4.758209e-005      0.4072873
          0.591  4.711242e-005      0.4063146
          0.592   4.66473e-005      0.4053417
          0.593  4.618669e-005      0.4043684
          0.594  4.573053e-005      0.4033949
          0.595  4.527878e-005      0.4024212
          0.596  4.483141e-005      0.4014471
          0.597  4.438836e-005      0.4004729
          0.598   4.39496e-005      0.3994983
          0.599   4.35151e-005      0.3985235
            0.6  4.308479e-005      0.3975485
          0.601  4.265866e-005      0.3965732
          0.602  4.223665e-005      0.3955977
          0.603  4.181872e-005      0.3946219
          0.604  4.140484e-005      0.3936459
          0.605  4.099497e-005      0.3926696
          0.606  4.058907e-005      0.3916931
          0.607   4.01871e-005      0.3907164
          0.608  3.978903e-005      0.3897394
          0.609  3.939481e-005      0.3887622
           0.61  3.900441e-005      0.3877848
          0.611  3.861779e-005      0.3868072
          0.612  3.823491e-005      0.3858293
          0.613  3.785575e-005      0.3848512
          0.614  3.748025e-005       0.383873
          0.615   3.71084e-005      0.3828944
          0.616  3.674015e-005      0.3819157
          0.617  3.637547e-005      0.3809368
          0.618  3.601432e-005      0.3799576
          0.619  3.565668e-005      0.3789783
           0.62   3.53025e-005      0.3779987
          0.621  3.495175e-005       0.377019
          0.622   3.46044e-005       0.376039
          0.623  3.426042e-005      0.3750588
          0.624  3.391977e-005      0.3740785
          0.625  3.358243e-005      0.3730979
          0.626  3.324836e-005      0.3721172
          0.627  3.291752e-005      0.3711362
          0.628  3.258989e-005      0.3701551
          0.629  3.226544e-005      0.3691738
           0.63  3.194414e-005      0.3681923
          0.631  3.162595e-005      0.3672106
          0.632  3.131085e-005      0.3662287
          0.633   3.09988e-005      0.3652467
          0.634  3.068978e-005      0.3642645
          0.635  3.038376e-005      0.3632821
          0.636  3.008071e-005      0.3622995
          0.637  2.978059e-005      0.3613168
          0.638  2.948339e-005      0.3603338
          0.639  2.918907e-005      0.3593508
           0.64   2.88976e-005      0.3583675
          0.641  2.860897e-005      0.3573841
          0.642  2.832313e-005      0.3564005
          0.643  2.804007e-005      0.3554167
          0.644  2.775975e-005      0.3544328
          0.645  2.748215e-005      0.3534488
          0.646  2.720725e-005      0.3524645
          0.647  2.693501e-005      0.3514801
          0.648  2.666542e-005      0.3504956
          0.649  2.639844e-005      0.3495109
           0.65  2.613405e-005      0.3485261
          0.651  2.587223e-005      0.3475411
          0.652  2.561295e-005      0.3465559
          0.653  2.535619e-005      0.3455706
          0.654  2.510192e-005      0.3445852
          0.655  2.485011e-005      0.3435996
          0.656  2.460075e-005      0.3426139
          0.657  2.435382e-005       0.341628
          0.658  2.410927e-005       0.340642
          0.659  2.386711e-005      0.3396559
           0.66  2.362729e-005      0.3386696
          0.661   2.33898e-005      0.3376832
          0.662  2.315462e-005      0.3366966
          0.663  2.292172e-005      0.3357099
          0.664  2.269108e-005      0.3347231
          0.665  2.246268e-005      0.3337362
          0.666   2.22365e-005      0.3327491
          0.667  2.201252e-005      0.3317619
          0.668  2.179071e-005      0.3307745
          0.669  2.157105e-005      0.3297871
           0.67  2.135353e-005      0.3287995
          0.671  2.113812e-005      0.3278118
          0.672   2.09248e-005       0.326824
          0.673  2.071355e-005       0.325836
          0.674  2.050436e-005       0.324848
          0.675  2.029719e-005      0.3238598
          0.676  2.009204e-005      0.3228715
          0.677  1.988888e-005       0.321883
          0.678  1.968769e-005      0.3208945
          0.679  1.948846e-005      0.3199059
           0.68  1.929116e-005      0.3189171
          0.681  1.909578e-005      0.3179282
          0.682   1.89023e-005      0.3169392
          0.683  1.871069e-005      0.3159502
          0.684  1.852095e-005       0.314961
          0.685  1.833305e-005      0.3139716
          0.686  1.814697e-005      0.3129822
          0.687  1.796271e-005      0.3119927
          0.688  1.778023e-005      0.3110031
          0.689  1.759952e-005      0.3100134
           0.69  1.742057e-005      0.3090235
          0.691  1.724336e-005      0.3080336
          0.692  1.706787e-005      0.3070436
          0.693  1.689408e-005      0.3060535
          0.694  1.672199e-005      0.3050632
          0.695  1.655156e-005      0.3040729
          0.696  1.638279e-005      0.3030825
          0.697  1.621566e-005       0.302092
          0.698  1.605015e-005      0.3011014
          0.699  1.588625e-005      0.3001107
            0.7  1.572394e-005      0.2991199
          0.701  1.556321e-005       0.298129
          0.702  1.540404e-005       0.297138
          0.703  1.524642e-005       0.296147
          0.704  1.509033e-005      0.2951558
          0.705  1.493575e-005      0.2941646
          0.706  1.478268e-005      0.2931733
          0.707  1.463109e-005      0.2921819
          0.708  1.448098e-005      0.2911904
          0.709  1.433232e-005      0.2901988
           0.71  1.418511e-005      0.2892071
          0.711  1.403933e-005      0.2882154
          0.712  1.389496e-005      0.2872236
          0.713    1.3752e-005      0.2862317
          0.714  1.361042e-005      0.2852397
          0.715  1.347022e-005      0.2842476
          0.716  1.333139e-005      0.2832555
          0.717   1.31939e-005      0.2822632
          0.718  1.305774e-005      0.2812709
          0.719  1.292291e-005      0.2802786
           0.72  1.278939e-005      0.2792861
          0.721  1.265717e-005      0.2782936
          0.722  1.252623e-005       0.277301
          0.723  1.239656e-005      0.2763083
          0.724  1.226815e-005      0.2753156
          0.725  1.214099e-005      0.2743227
          0.726  1.201506e-005      0.2733299
          0.727  1.189036e-005      0.2723369
          0.728  1.176686e-005      0.2713439
          0.729  1.164457e-005      0.2703508
           0.73  1.152347e-005      0.2693576
          0.731  1.140354e-005      0.2683644
          0.732  1.128477e-005      0.2673711
          0.733  1.116716e-005      0.2663777
          0.734  1.105069e-005      0.2653843
          0.735  1.093535e-005      0.2643908
          0.736  1.082113e-005      0.2633972
          0.737  1.070803e-005      0.2624036
          0.738  1.059601e-005      0.2614099
          0.739  1.048509e-005      0.2604162
           0.74  1.037524e-005      0.2594223
          0.741  1.026646e-005      0.2584285
          0.742  1.015874e-005      0.2574345
          0.743  1.005206e-005      0.2564405
          0.744  9.946421e-006      0.2554465
          0.745  9.841804e-006      0.2544524
          0.746  9.738203e-006      0.2534582
          0.747  9.635607e-006       0.252464
          0.748  9.534007e-006      0.2514697
          0.749  9.433394e-006      0.2504754
           0.75  9.333757e-006       0.249481
          0.751  9.235087e-006      0.2484865
          0.752  9.137375e-006       0.247492
          0.753  9.040611e-006      0.2464974
          0.754  8.944786e-006      0.2455028
          0.755  8.849891e-006      0.2445082
          0.756  8.755916e-006      0.2435134
          0.757  8.662854e-006      0.2425187
          0.758  8.570695e-006      0.2415239
          0.759  8.479429e-006       0.240529
           0.76  8.389049e-006      0.2395341
          0.761  8.299546e-006      0.2385391
          0.762  8.210911e-006      0.2375441
          0.763  8.123136e-006       0.236549
          0.764  8.036213e-006      0.2355539
          0.765  7.950132e-006      0.2345587
          0.766  7.864886e-006      0.2335635
          0.767  7.780467e-006      0.2325682
          0.768  7.696867e-006      0.2315729
          0.769  7.614077e-006      0.2305775
           0.77   7.53209e-006      0.2295821
          0.771  7.450898e-006      0.2285867
          0.772  7.370494e-006      0.2275912
          0.773  7.290868e-006      0.2265957
          0.774  7.212015e-006      0.2256001
          0.775  7.133926e-006      0.2246044
          0.776  7.056594e-006      0.2236088
          0.777  6.980011e-006      0.2226131
          0.778  6.904171e-006      0.2216173
          0.779  6.829065e-006      0.2206215
           0.78  6.754687e-006      0.2196257
          0.781   6.68103e-006      0.2186298
          0.782  6.608087e-006      0.2176339
          0.783   6.53585e-006      0.2166379
          0.784  6.464313e-006      0.2156419
          0.785  6.393469e-006      0.2146459
          0.786  6.323312e-006      0.2136498
          0.787  6.253833e-006      0.2126537
          0.788  6.185028e-006      0.2116575
          0.789  6.116888e-006      0.2106614
           0.79  6.049409e-006      0.2096651
          0.791  5.982583e-006      0.2086689
          0.792  5.916404e-006      0.2076726
          0.793  5.850865e-006      0.2066762
          0.794  5.785961e-006      0.2056798
          0.795  5.721685e-006      0.2046834
          0.796   5.65803e-006       0.203687
          0.797  5.594992e-006      0.2026905
          0.798  5.532564e-006       0.201694
          0.799   5.47074e-006      0.2006974
            0.8  5.409514e-006      0.1997009
          0.801   5.34888e-006      0.1987042
          0.802  5.288832e-006      0.1977076
          0.803  5.229366e-006      0.1967109
          0.804  5.170474e-006      0.1957142
          0.805  5.112152e-006      0.1947174
          0.806  5.054393e-006      0.1937207
          0.807  4.997193e-006      0.1927239
          0.808  4.940546e-006       0.191727
          0.809  4.884446e-006      0.1907301
           0.81  4.828888e-006      0.1897332
          0.811  4.773867e-006      0.1887363
          0.812  4.719378e-006      0.1877393
          0.813  4.665415e-006      0.1867423
          0.814  4.611974e-006      0.1857453
          0.815  4.559048e-006      0.1847483
          0.816  4.506634e-006      0.1837512
          0.817  4.454725e-006      0.1827541
          0.818  4.403318e-006      0.1817569
          0.819  4.352407e-006      0.1807598
           0.82  4.301987e-006      0.1797626
          0.821  4.252054e-006      0.1787654
          0.822  4.202603e-006      0.1777681
          0.823  4.153629e-006      0.1767708
          0.824  4.105127e-006      0.1757735
          0.825  4.057094e-006      0.1747762
          0.826  4.009523e-006      0.1737788
          0.827  3.962411e-006      0.1727815
          0.828  3.915753e-006      0.1717841
          0.829  3.869546e-006      0.1707866
           0.83  3.823783e-006      0.1697892
          0.831  3.778462e-006      0.1687917
          0.832  3.733577e-006      0.1677942
          0.833  3.689124e-006      0.1667966
          0.834    3.6451e-006      0.1657991
          0.835    3.6015e-006      0.1648015
          0.836   3.55832e-006      0.1638039
          0.837  3.515555e-006      0.1628063
          0.838  3.473202e-006      0.1618086
          0.839  3.431257e-006       0.160811
           0.84  3.389715e-006      0.1598133
          0.841  3.348574e-006      0.1588156
          0.842  3.307828e-006      0.1578178
          0.843  3.267473e-006      0.1568201
          0.844  3.227507e-006      0.1558223
          0.845  3.187925e-006      0.1548245
          0.846  3.148724e-006      0.1538266
          0.847    3.1099e-006      0.1528288
          0.848  3.071448e-006      0.1518309
          0.849  3.033366e-006       0.150833
           0.85   2.99565e-006      0.1498351
          0.851  2.958296e-006      0.1488372
          0.852  2.921301e-006      0.1478392
          0.853  2.884661e-006      0.1468413
          0.854  2.848373e-006      0.1458433
          0.855  2.812433e-006      0.1448453
          0.856  2.776838e-006      0.1438472
          0.857  2.741584e-006      0.1428492
          0.858  2.706669e-006      0.1418511
          0.859  2.672088e-006       0.140853
           0.86  2.637839e-006      0.1398549
          0.861  2.603918e-006      0.1388568
          0.862  2.570322e-006      0.1378587
          0.863  2.537048e-006      0.1368605
          0.864  2.504093e-006      0.1358623
          0.865  2.471453e-006      0.1348641
          0.866  2.439126e-006      0.1338659
          0.867  2.407109e-006      0.1328677
          0.868  2.375397e-006      0.1318695
          0.869   2.34399e-006      0.1308712
           0.87  2.312882e-006      0.1298729
          0.871  2.282072e-006      0.1288746
          0.872  2.251557e-006      0.1278763
          0.873  2.221334e-006       0.126878
          0.874  2.191399e-006      0.1258796
          0.875   2.16175e-006      0.1248813
          0.876  2.132385e-006      0.1238829
          0.877    2.1033e-006      0.1228845
          0.878  2.074492e-006      0.1218861
          0.879   2.04596e-006      0.1208877
           0.88    2.0177e-006      0.1198892
          0.881  1.989709e-006      0.1188908
          0.882  1.961985e-006      0.1178923
          0.883  1.934526e-006      0.1168938
          0.884  1.907329e-006      0.1158953
          0.885   1.88039e-006      0.1148968
          0.886  1.853708e-006      0.1138983
          0.887  1.827281e-006      0.1128997
          0.888  1.801105e-006      0.1119012
          0.889  1.775178e-006      0.1109026
           0.89  1.749498e-006       0.109904
          0.891  1.724062e-006      0.1089054
          0.892  1.698868e-006      0.1079068
          0.893  1.673913e-006      0.1069082
          0.894  1.649196e-006      0.1059095
          0.895  1.624714e-006      0.1049109
          0.896  1.600464e-006      0.1039122
          0.897  1.576444e-006      0.1029136
          0.898  1.552652e-006      0.1019149
          0.899  1.529087e-006      0.1009162
            0.9  1.505744e-006     0.09991745
          0.901  1.482623e-006     0.09891872
          0.902  1.459721e-006     0.09791998
          0.903  1.437037e-006     0.09692123
          0.904  1.414567e-006     0.09592247
          0.905   1.39231e-006      0.0949237
          0.906  1.370264e-006     0.09392491
          0.907  1.348426e-006     0.09292611
          0.908  1.326795e-006      0.0919273
          0.909  1.305368e-006     0.09092848
           0.91  1.284144e-006     0.08992965
          0.911  1.263121e-006      0.0889308
          0.912  1.242296e-006     0.08793195
          0.913  1.221668e-006     0.08693308
          0.914  1.201234e-006     0.08593421
          0.915  1.180994e-006     0.08493532
          0.916  1.160944e-006     0.08393642
          0.917  1.141083e-006     0.08293752
          0.918   1.12141e-006      0.0819386
          0.919  1.101922e-006     0.08093967
           0.92  1.082617e-006     0.07994073
          0.921  1.063494e-006     0.07894178
          0.922  1.044551e-006     0.07794282
          0.923  1.025787e-006     0.07694385
          0.924  1.007198e-006     0.07594487
          0.925  9.887848e-007     0.07494588
          0.926  9.705441e-007     0.07394689
          0.927  9.524748e-007     0.07294788
          0.928   9.34575e-007     0.07194886
          0.929  9.168432e-007     0.07094983
           0.93  8.992777e-007      0.0699508
          0.931  8.818768e-007     0.06895175
          0.932  8.646389e-007      0.0679527
          0.933  8.475625e-007     0.06695364
          0.934  8.306459e-007     0.06595456
          0.935  8.138877e-007     0.06495548
          0.936  7.972861e-007     0.06395639
          0.937  7.808397e-007      0.0629573
          0.938   7.64547e-007     0.06195819
          0.939  7.484064e-007     0.06095908
           0.94  7.324165e-007     0.05995995
          0.941  7.165758e-007     0.05896082
          0.942  7.008828e-007     0.05796168
          0.943   6.85336e-007     0.05696253
          0.944  6.699341e-007     0.05596338
          0.945  6.546755e-007     0.05496421
          0.946   6.39559e-007     0.05396504
          0.947   6.24583e-007     0.05296586
          0.948  6.097463e-007     0.05196668
          0.949  5.950474e-007     0.05096748
           0.95   5.80485e-007     0.04996828
          0.951  5.660577e-007     0.04896907
          0.952  5.517643e-007     0.04796985
          0.953  5.376034e-007     0.04697063
          0.954  5.235737e-007     0.04597139
          0.955  5.096739e-007     0.04497216
          0.956  4.959027e-007     0.04397291
          0.957  4.822589e-007     0.04297366
          0.958  4.687413e-007      0.0419744
          0.959  4.553485e-007     0.04097513
           0.96  4.420794e-007     0.03997586
          0.961  4.289327e-007     0.03897657
          0.962  4.159073e-007     0.03797729
          0.963  4.030019e-007     0.03697799
          0.964  3.902154e-007     0.03597869
          0.965  3.775465e-007     0.03497939
          0.966  3.649942e-007     0.03398007
          0.967  3.525573e-007     0.03298075
          0.968  3.402347e-007     0.03198143
          0.969  3.280252e-007     0.03098209
           0.97  3.159277e-007     0.02998275
          0.971  3.039412e-007     0.02898341
          0.972  2.920645e-007     0.02798406
          0.973  2.802965e-007      0.0269847
          0.974  2.686362e-007     0.02598534
          0.975  2.570825e-007     0.02498597
          0.976  2.456345e-007      0.0239866
          0.977  2.342909e-007     0.02298722
          0.978  2.230509e-007     0.02198783
          0.979  2.119133e-007     0.02098844
           0.98  2.008773e-007     0.01998904
          0.981  1.899417e-007     0.01898964
          0.982  1.791056e-007     0.01799023
          0.983  1.683681e-007     0.01699082
          0.984  1.577281e-007      0.0159914
          0.985  1.471847e-007     0.01499197
          0.986  1.367369e-007     0.01399254
          0.987  1.263838e-007     0.01299311
          0.988  1.161245e-007     0.01199367
          0.989  1.059581e-007     0.01099422
           0.99  9.588353e-008    0.009994771
          0.991  8.590004e-008    0.008995316
          0.992  7.600668e-008    0.007995856
          0.993  6.620256e-008     0.00699639
          0.994  5.648682e-008     0.00599692
          0.995  4.685857e-008    0.004997445
          0.996  3.731696e-008    0.003997966
          0.997  2.786114e-008    0.002998481
          0.998  1.849026e-008    0.001998992
          0.999  9.203492e-009   0.0009994983
